9.800000190734863281e-01 1.818181818180558988e-03 1.818181818180557036e-03 1.818181818180559422e-03 1.818181818180561156e-03 1.818181818180559205e-03 1.818181818180559638e-03 1.818181818180560939e-03 1.818181818180560289e-03 1.818181818180558120e-03 1.818181818180559422e-03 1.818181818180559638e-03
1.818181818180558988e-03 9.800000190734863281e-01 1.818181818189113560e-03 1.818181818198736938e-03 1.818181818183111850e-03 1.818181818186376166e-03 1.818181818187409194e-03 1.818181818178050578e-03 1.818181818184241155e-03 1.818181818188703731e-03 1.818181818179786169e-03 1.818181818177679347e-03
1.818181818180557036e-03 1.818181818189113560e-03 9.800000190734863281e-01 1.818181818183840434e-03 1.818181818187129036e-03 1.818181818179701818e-03 1.818181818185760339e-03 1.818181818185889359e-03 1.818181818182866170e-03 1.818181818182409070e-03 1.818181818182918429e-03 1.818181818183889223e-03
1.818181818180559422e-03 1.818181818198736938e-03 1.818181818183840434e-03 9.800000190734863281e-01 1.818181818186891596e-03 1.818181818193903999e-03 1.818181818183604729e-03 1.818181818194694599e-03 1.818181818183209862e-03 1.818181818186820255e-03 1.818181818183415861e-03 1.818181818187611940e-03
1.818181818180561156e-03 1.818181818183111850e-03 1.818181818187129036e-03 1.818181818186891596e-03 9.800000190734863281e-01 1.818181818186915231e-03 1.818181818183435159e-03 1.818181818179311288e-03 1.818181818184832913e-03 1.818181818192037003e-03 1.818181818181792159e-03 1.818181818180321114e-03
1.818181818180559205e-03 1.818181818186376166e-03 1.818181818179701818e-03 1.818181818193903999e-03 1.818181818186915231e-03 9.800000190734863281e-01 1.818181818181678318e-03 1.818181818188023286e-03 1.818181818181523060e-03 1.818181818177983791e-03 1.818181818179373521e-03 1.818181818186202477e-03
1.818181818180559638e-03 1.818181818187409194e-03 1.818181818185760339e-03 1.818181818183604729e-03 1.818181818183435159e-03 1.818181818181678318e-03 9.800000190734863281e-01 1.818181818184750080e-03 1.818181818183416945e-03 1.818181818184896447e-03 1.818181818182530284e-03 1.818181818185016793e-03
1.818181818180560939e-03 1.818181818178050578e-03 1.818181818185889359e-03 1.818181818194694599e-03 1.818181818179311288e-03 1.818181818188023286e-03 1.818181818184750080e-03 9.800000190734863281e-01 1.818181818184783907e-03 1.818181818189679947e-03 1.818181818184864572e-03 1.818181818184946754e-03
1.818181818180560289e-03 1.818181818184241155e-03 1.818181818182866170e-03 1.818181818183209862e-03 1.818181818184832913e-03 1.818181818181523060e-03 1.818181818183416945e-03 1.818181818184783907e-03 9.800000190734863281e-01 1.818181818186224595e-03 1.818181818180648109e-03 1.818181818185761207e-03
1.818181818180558120e-03 1.818181818188703731e-03 1.818181818182409070e-03 1.818181818186820255e-03 1.818181818192037003e-03 1.818181818177983791e-03 1.818181818184896447e-03 1.818181818189679947e-03 1.818181818186224595e-03 9.800000190734863281e-01 1.818181818185892178e-03 1.818181818185743426e-03
1.818181818180559422e-03 1.818181818179786169e-03 1.818181818182918429e-03 1.818181818183415861e-03 1.818181818181792159e-03 1.818181818179373521e-03 1.818181818182530284e-03 1.818181818184864572e-03 1.818181818180648109e-03 1.818181818185892178e-03 9.800000190734863281e-01 1.818181818183489586e-03
1.818181818180559638e-03 1.818181818177679347e-03 1.818181818183889223e-03 1.818181818187611940e-03 1.818181818180321114e-03 1.818181818186202477e-03 1.818181818185016793e-03 1.818181818184946754e-03 1.818181818185761207e-03 1.818181818185743426e-03 1.818181818183489586e-03 9.800000190734863281e-01
