1.000000000000000000e+00 9.730496647420830980e-01 9.377551075776471290e-01 9.594577356470223028e-01 9.654549174919148102e-01 9.506431559239169049e-01 9.508629072025913676e-01 9.481446485363707044e-01 9.559014919407394784e-01 9.417160971696897365e-01 9.503148884103225225e-01 9.027919498030515522e-01
9.730496647420830980e-01 1.000000000000000000e+00 9.138443993222485906e-01 9.396864617945218656e-01 9.772186396129123320e-01 9.503943787255705322e-01 9.427929858753735237e-01 9.312617046445229585e-01 9.234489595243665638e-01 8.981123166809297231e-01 9.320341106073216642e-01 8.480625802049790440e-01
9.377551075776471290e-01 9.138443993222485906e-01 1.000000000000000000e+00 9.533386357487476648e-01 9.299136850978543256e-01 9.493449495655518211e-01 9.332144505196908746e-01 9.688410574095794869e-01 9.483885282281069307e-01 9.165853886198623846e-01 9.816438577720862924e-01 8.740996355432115728e-01
9.594577356470223028e-01 9.396864617945218656e-01 9.533386357487476648e-01 1.000000000000000000e+00 9.444592971991354613e-01 9.594743665682772260e-01 9.486956818736874686e-01 9.677896227823579167e-01 9.587428369826952457e-01 9.270605110719175590e-01 9.595634994822820341e-01 8.850226794656070872e-01
9.654549174919148102e-01 9.772186396129123320e-01 9.299136850978543256e-01 9.444592971991354613e-01 1.000000000000000000e+00 9.747016651276251276e-01 9.474518687345727663e-01 9.388476973856880736e-01 9.173231309655324184e-01 8.823256350234366385e-01 9.411107595424740291e-01 8.368269412740468871e-01
9.506431559239169049e-01 9.503943787255705322e-01 9.493449495655518211e-01 9.594743665682772260e-01 9.747016651276251276e-01 1.000000000000000000e+00 9.599939305557636526e-01 9.622063066775041751e-01 9.253850412084464461e-01 8.863867866383695615e-01 9.509375697755541035e-01 8.463382875979000852e-01
9.508629072025913676e-01 9.427929858753735237e-01 9.332144505196908746e-01 9.486956818736874686e-01 9.474518687345727663e-01 9.599939305557636526e-01 1.000000000000000000e+00 9.509413487699749368e-01 9.328554757692847366e-01 9.183950403688599939e-01 9.368564736187194875e-01 8.841186343044067364e-01
9.481446485363707044e-01 9.312617046445229585e-01 9.688410574095794869e-01 9.677896227823579167e-01 9.388476973856880736e-01 9.622063066775041751e-01 9.509413487699749368e-01 1.000000000000000000e+00 9.426417753880325101e-01 9.171392159300607583e-01 9.680008672777814516e-01 8.667884707311802606e-01
9.559014919407394784e-01 9.234489595243665638e-01 9.483885282281069307e-01 9.587428369826952457e-01 9.173231309655324184e-01 9.253850412084464461e-01 9.328554757692847366e-01 9.426417753880325101e-01 1.000000000000000000e+00 9.676160035998205844e-01 9.606182859440481892e-01 9.217893026574601745e-01
9.417160971696897365e-01 8.981123166809297231e-01 9.165853886198623846e-01 9.270605110719175590e-01 8.823256350234366385e-01 8.863867866383695615e-01 9.183950403688599939e-01 9.171392159300607583e-01 9.676160035998205844e-01 1.000000000000000000e+00 9.243277634966919898e-01 9.577447076778086155e-01
9.503148884103225225e-01 9.320341106073216642e-01 9.816438577720862924e-01 9.595634994822820341e-01 9.411107595424740291e-01 9.509375697755541035e-01 9.368564736187194875e-01 9.680008672777814516e-01 9.606182859440481892e-01 9.243277634966919898e-01 1.000000000000000000e+00 8.666078186859152988e-01
9.027919498030515522e-01 8.480625802049790440e-01 8.740996355432115728e-01 8.850226794656070872e-01 8.368269412740468871e-01 8.463382875979000852e-01 8.841186343044067364e-01 8.667884707311802606e-01 9.217893026574601745e-01 9.577447076778086155e-01 8.666078186859152988e-01 1.000000000000000000e+00
