1.000000000000000000e+00 6.794287009536901234e-01 2.781412065217981899e-01 4.009415078384941378e-01 7.045348095213983530e-01 6.038606047330457027e-01 2.600297136072822202e-01 5.407578810608510977e-01 5.062182617233577098e-01 3.702532163634886242e-01 3.045433165211317572e-01 3.605390499031577711e-01
6.794287009536901234e-01 1.000000000000000000e+00 2.275424475205191088e-01 4.534728064389043078e-01 6.627981866341468020e-01 5.201150404223648938e-01 3.728927615508882409e-01 4.847744522118165866e-01 4.832658107478837728e-01 3.015521130517579973e-01 3.654639253955307421e-01 1.531915377966660552e-01
2.781412065217981899e-01 2.275424475205191088e-01 1.000000000000000000e+00 5.049563089785218395e-01 2.042785606627438577e-01 2.227427757003679343e-01 4.298984837502982659e-01 5.235198571581050064e-01 3.281598158042879909e-01 1.417736067207192585e-01 6.739797090762786880e-01 0.000000000000000000e+00
4.009415078384941378e-01 4.534728064389043078e-01 5.049563089785218395e-01 1.000000000000000000e+00 3.455370500546063317e-01 3.664642565451923240e-01 5.650696477202887813e-01 5.570446171311060901e-01 4.942702960022731240e-01 3.773040790592876448e-01 5.825438718203402866e-01 1.640220557287492831e-01
7.045348095213983530e-01 6.627981866341468020e-01 2.042785606627438577e-01 3.455370500546063317e-01 1.000000000000000000e+00 7.497232011601984158e-01 3.188376504589969240e-01 5.338069342035568488e-01 4.105106662942702433e-01 2.406419861135694616e-01 2.549116389269913130e-01 2.441866279852790145e-01
6.038606047330457027e-01 5.201150404223648938e-01 2.227427757003679343e-01 3.664642565451923240e-01 7.497232011601984158e-01 1.000000000000000000e+00 3.163109642975086011e-01 5.397980064242315912e-01 3.421267413538661151e-01 2.426127379449845023e-01 2.335187069906438095e-01 3.271039245965692288e-01
2.600297136072822202e-01 3.728927615508882409e-01 4.298984837502982659e-01 5.650696477202887813e-01 3.188376504589969240e-01 3.163109642975086011e-01 1.000000000000000000e+00 4.828801470066285129e-01 3.863240290863672044e-01 2.628995595492998882e-01 5.184294908953263059e-01 1.675033791240576608e-02
5.407578810608510977e-01 4.847744522118165866e-01 5.235198571581050064e-01 5.570446171311060901e-01 5.338069342035568488e-01 5.397980064242315912e-01 4.828801470066285129e-01 1.000000000000000000e+00 4.555614666379076416e-01 2.740241387272934759e-01 5.285534640543136931e-01 2.468151894525821843e-01
5.062182617233577098e-01 4.832658107478837728e-01 3.281598158042879909e-01 4.942702960022731240e-01 4.105106662942702433e-01 3.421267413538661151e-01 3.863240290863672044e-01 4.555614666379076416e-01 1.000000000000000000e+00 6.127843851618421933e-01 5.233307295534697090e-01 2.954120384144747202e-01
3.702532163634886242e-01 3.015521130517579973e-01 1.417736067207192585e-01 3.773040790592876448e-01 2.406419861135694616e-01 2.426127379449845023e-01 2.628995595492998882e-01 2.740241387272934759e-01 6.127843851618421933e-01 1.000000000000000000e+00 3.296052912395055490e-01 3.530474976865436432e-01
3.045433165211317572e-01 3.654639253955307421e-01 6.739797090762786880e-01 5.825438718203402866e-01 2.549116389269913130e-01 2.335187069906438095e-01 5.184294908953263059e-01 5.285534640543136931e-01 5.233307295534697090e-01 3.296052912395055490e-01 1.000000000000000000e+00 3.195247240402621092e-02
3.605390499031577711e-01 1.531915377966660552e-01 0.000000000000000000e+00 1.640220557287492831e-01 2.441866279852790145e-01 3.271039245965692288e-01 1.675033791240576608e-02 2.468151894525821843e-01 2.954120384144747202e-01 3.530474976865436432e-01 3.195247240402621092e-02 1.000000000000000000e+00
