1.000000000000000000e+00 5.804828195218889597e-01 6.840429031388257641e-01 7.135233248686414509e-01 3.410080500510833668e-01 4.579751827877995840e-01 6.146634575547179624e-01 5.589640138721957419e-01 4.066283466734684771e-01 5.104119912096714007e-01 6.241409085248388333e-01 4.005427305503309610e-01
5.804828195218889597e-01 1.000000000000000000e+00 4.828028326812880966e-01 7.648563802055936556e-01 4.789714706864051097e-01 2.853125422986106940e-01 4.174471430051690524e-01 4.018036569215456266e-01 2.853234469258449924e-01 3.872131746493582272e-01 3.973004429793802750e-01 3.038246809879153743e-01
6.840429031388257641e-01 4.828028326812880966e-01 1.000000000000000000e+00 6.055514107217842001e-01 3.056687755697066189e-01 6.389946714570660102e-01 8.499167850183290129e-01 7.781030701356849155e-01 5.645418848706693637e-01 7.156308108702607029e-01 8.584793463477832232e-01 5.654955825238623390e-01
7.135233248686414509e-01 7.648563802055936556e-01 6.055514107217842001e-01 1.000000000000000000e+00 4.097223218300451997e-01 4.352809280519956969e-01 4.932929049249233922e-01 4.940436501176300732e-01 3.347404884485655208e-01 4.371284047044110554e-01 5.311438105792801734e-01 3.853984167393971205e-01
3.410080500510833668e-01 4.789714706864051097e-01 3.056687755697066189e-01 4.097223218300451997e-01 1.000000000000000000e+00 5.692165388777159496e-02 2.356808506696581595e-01 2.229384909333996800e-01 0.000000000000000000e+00 2.017222727592150600e-01 2.283873988878892813e-01 6.284909861246590346e-02
4.579751827877995840e-01 2.853125422986106940e-01 6.389946714570660102e-01 4.352809280519956969e-01 5.692165388777159496e-02 1.000000000000000000e+00 6.115908503144862340e-01 6.914083268481778788e-01 7.864533471197825421e-01 7.545775250327476646e-01 6.450290013687294266e-01 7.410616185978202708e-01
6.146634575547179624e-01 4.174471430051690524e-01 8.499167850183290129e-01 4.932929049249233922e-01 2.356808506696581595e-01 6.115908503144862340e-01 1.000000000000000000e+00 7.821637384850526065e-01 5.497620927563496851e-01 7.186712086727322646e-01 8.548186462687901166e-01 4.922558666937636440e-01
5.589640138721957419e-01 4.018036569215456266e-01 7.781030701356849155e-01 4.940436501176300732e-01 2.229384909333996800e-01 6.914083268481778788e-01 7.821637384850526065e-01 1.000000000000000000e+00 6.261327555019718938e-01 8.260736595092083023e-01 8.114338689697765394e-01 5.809420043794530919e-01
4.066283466734684771e-01 2.853234469258449924e-01 5.645418848706693637e-01 3.347404884485655208e-01 0.000000000000000000e+00 7.864533471197825421e-01 5.497620927563496851e-01 6.261327555019718938e-01 1.000000000000000000e+00 6.687687783573605937e-01 5.867300621712381314e-01 7.725590140105185188e-01
5.104119912096714007e-01 3.872131746493582272e-01 7.156308108702607029e-01 4.371284047044110554e-01 2.017222727592150600e-01 7.545775250327476646e-01 7.186712086727322646e-01 8.260736595092083023e-01 6.687687783573605937e-01 1.000000000000000000e+00 7.330286070971927526e-01 6.523027540077276365e-01
6.241409085248388333e-01 3.973004429793802750e-01 8.584793463477832232e-01 5.311438105792801734e-01 2.283873988878892813e-01 6.450290013687294266e-01 8.548186462687901166e-01 8.114338689697765394e-01 5.867300621712381314e-01 7.330286070971927526e-01 1.000000000000000000e+00 5.555836402991881640e-01
4.005427305503309610e-01 3.038246809879153743e-01 5.654955825238623390e-01 3.853984167393971205e-01 6.284909861246590346e-02 7.410616185978202708e-01 4.922558666937636440e-01 5.809420043794530919e-01 7.725590140105185188e-01 6.523027540077276365e-01 5.555836402991881640e-01 1.000000000000000000e+00
